87874948
98851753
153580218
155754795
179985734
186774731
221239213
241276807
253295459
262191967
273546835
321936644
343761553
413553054
475834856
537875820
590458245
628239505
636388986
657599203
673021953
682190480
729071561
754967579
763678585
774077133
832588430
836827523
848074587
875918186
921737661
972891428
1159823555
1161391638
1304813589
1318190257
1439851496
1472462447
1477480365
1549125561
1560647617
1726503602
1740554455
1778133179
1798267699
1837385797
1878165187
1973217914
1981937351
2038124238
2038775311
2052659289
2138484595
2177934626
2191238749
2224869210
2252370166
2305006357
2374552872
2434990279
2461989131
2475350297
2499326427
2559800501
2573942028
2577015764
2631784161
2636687140
2719279722
2861973066
2903263974
2903899389
3088163863
3230926284
3289997484
3302156803
3315206304
3359840319
3380024464
3475979825
3513356931
3578691555
3583130834
3687884559
3734688590
3749874368
3763313301
3764042739
3766558805
3803330600
3872771798
3880072641
3942760539
3962990898
3991033304
4010876816
4017402700
4072616585
4080017830
4237068153
4240491064
4249334708
4294797296
4294967295
